(kicad_pcb (version 20171130) (host pcbnew 5.1.5-52549c5~86~ubuntu18.04.1)

  (general
    (thickness 2)
    (drawings 24)
    (tracks 99)
    (zones 0)
    (modules 13)
    (nets 13)
  )

  (page A4)
  (layers
    (0 F.Cu signal)
    (31 B.Cu signal)
    (32 B.Adhes user)
    (33 F.Adhes user)
    (34 B.Paste user)
    (35 F.Paste user)
    (36 B.SilkS user)
    (37 F.SilkS user)
    (38 B.Mask user)
    (39 F.Mask user)
    (40 Dwgs.User user)
    (41 Cmts.User user)
    (42 Eco1.User user)
    (43 Eco2.User user)
    (44 Edge.Cuts user)
    (45 Margin user)
    (46 B.CrtYd user)
    (47 F.CrtYd user)
    (48 B.Fab user)
    (49 F.Fab user)
  )

  (setup
    (last_trace_width 0.25)
    (trace_clearance 0.2)
    (zone_clearance 0.508)
    (zone_45_only no)
    (trace_min 0.2)
    (via_size 0.8)
    (via_drill 0.4)
    (via_min_size 0.4)
    (via_min_drill 0.3)
    (uvia_size 0.3)
    (uvia_drill 0.1)
    (uvias_allowed no)
    (uvia_min_size 0.2)
    (uvia_min_drill 0.1)
    (edge_width 0.05)
    (segment_width 0.2)
    (pcb_text_width 0.3)
    (pcb_text_size 1.5 1.5)
    (mod_edge_width 0.12)
    (mod_text_size 1 1)
    (mod_text_width 0.15)
    (pad_size 1.524 1.524)
    (pad_drill 0.762)
    (pad_to_mask_clearance 0.051)
    (solder_mask_min_width 0.25)
    (aux_axis_origin 0 0)
    (visible_elements FFFFFF7F)
    (pcbplotparams
      (layerselection 0x010fc_ffffffff)
      (usegerberextensions false)
      (usegerberattributes false)
      (usegerberadvancedattributes false)
      (creategerberjobfile false)
      (excludeedgelayer true)
      (linewidth 0.100000)
      (plotframeref false)
      (viasonmask false)
      (mode 1)
      (useauxorigin false)
      (hpglpennumber 1)
      (hpglpenspeed 20)
      (hpglpendiameter 15.000000)
      (psnegative false)
      (psa4output false)
      (plotreference true)
      (plotvalue true)
      (plotinvisibletext false)
      (padsonsilk false)
      (subtractmaskfromsilk false)
      (outputformat 1)
      (mirror false)
      (drillshape 0)
      (scaleselection 1)
      (outputdirectory "gerb"))
  )

  (net 0 "")
  (net 1 "Net-(J0-Pad1)")
  (net 2 "Net-(J0-Pad2)")
  (net 3 "Net-(J0-Pad3)")
  (net 4 "Net-(J0-Pad4)")
  (net 5 "Net-(J0-Pad5)")
  (net 6 "Net-(J0-Pad6)")
  (net 7 "Net-(J0-Pad7)")
  (net 8 "Net-(J0-Pad8)")
  (net 9 "Net-(J0-Pad9)")
  (net 10 "Net-(J0-Pad10)")
  (net 11 "Net-(J0-Pad11)")
  (net 12 "Net-(J0-Pad12)")

  (net_class Default "This is the default net class."
    (clearance 0.2)
    (trace_width 0.25)
    (via_dia 0.8)
    (via_drill 0.4)
    (uvia_dia 0.3)
    (uvia_drill 0.1)
    (add_net "Net-(J0-Pad1)")
    (add_net "Net-(J0-Pad10)")
    (add_net "Net-(J0-Pad11)")
    (add_net "Net-(J0-Pad12)")
    (add_net "Net-(J0-Pad2)")
    (add_net "Net-(J0-Pad3)")
    (add_net "Net-(J0-Pad4)")
    (add_net "Net-(J0-Pad5)")
    (add_net "Net-(J0-Pad6)")
    (add_net "Net-(J0-Pad7)")
    (add_net "Net-(J0-Pad8)")
    (add_net "Net-(J0-Pad9)")
  )

  (module "enviro-frontpanel:Touch pad -single 10x10" (layer F.Cu) (tedit 5E923D1C) (tstamp 5E961E32)
    (at 152.4 127)
    (path /5E973A19)
    (fp_text reference J12 (at 0 0.5) (layer F.SilkS)
      (effects (font (size 1 1) (thickness 0.15)))
    )
    (fp_text value Conn_01x01 (at 0 -0.5) (layer F.Fab)
      (effects (font (size 1 1) (thickness 0.15)))
    )
    (fp_line (start 5.08 -2.54) (end 5.08 -12.7) (layer F.SilkS) (width 0.12))
    (fp_line (start -5.08 -2.54) (end 5.08 -2.54) (layer F.SilkS) (width 0.12))
    (fp_line (start -5.08 -12.7) (end -5.08 -2.54) (layer F.SilkS) (width 0.12))
    (fp_line (start 5.08 -12.7) (end -5.08 -12.7) (layer F.SilkS) (width 0.12))
    (pad 1 smd rect (at 0 -7.62) (size 10.16 10.16) (layers F.Cu F.Paste F.Mask)
      (net 12 "Net-(J0-Pad12)"))
  )

  (module "enviro-frontpanel:Touch bar 2200mil" (layer F.Cu) (tedit 5E923CD8) (tstamp 5E961E17)
    (at 195.58 127)
    (path /5E973A0D)
    (fp_text reference J9 (at 0 0.5) (layer F.SilkS)
      (effects (font (size 1 1) (thickness 0.15)))
    )
    (fp_text value Conn_01x01 (at 0 -0.5) (layer F.Fab)
      (effects (font (size 1 1) (thickness 0.15)))
    )
    (fp_line (start -27.94 -2.54) (end -27.94 -12.7) (layer F.SilkS) (width 0.12))
    (fp_line (start 27.94 -2.54) (end -27.94 -2.54) (layer F.SilkS) (width 0.12))
    (fp_line (start 27.94 -12.7) (end 27.94 -2.54) (layer F.SilkS) (width 0.12))
    (fp_line (start -27.94 -12.7) (end 27.94 -12.7) (layer F.SilkS) (width 0.12))
    (pad 1 smd rect (at 0 -7.62) (size 55.88 10.16) (layers F.Cu F.Paste F.Mask)
      (net 9 "Net-(J0-Pad9)"))
  )

  (module "enviro-frontpanel:12-pin socket 2.54 SMD" (layer B.Cu) (tedit 5E94D5D8) (tstamp 5E961DC6)
    (at 210.82 106.68 270)
    (path /5E8EE9A4)
    (fp_text reference J0 (at 0 -0.5 90) (layer B.SilkS) hide
      (effects (font (size 1 1) (thickness 0.15)) (justify mirror))
    )
    (fp_text value Conn_01x12 (at 0 0.5 90) (layer B.Fab)
      (effects (font (size 1 1) (thickness 0.15)) (justify mirror))
    )
    (fp_line (start -2.54 33.02) (end 2.54 33.02) (layer B.SilkS) (width 0.12))
    (fp_line (start 2.54 33.02) (end 2.54 0) (layer B.SilkS) (width 0.12))
    (fp_line (start 2.54 0) (end -2.54 0) (layer B.SilkS) (width 0.12))
    (fp_line (start -2.54 0) (end -2.54 33.02) (layer B.SilkS) (width 0.12))
    (pad 1 smd rect (at 0 30.48 270) (size 5.08 1.524) (drill (offset 2.5 0)) (layers B.Cu B.Paste B.Mask)
      (net 1 "Net-(J0-Pad1)"))
    (pad 2 smd rect (at 0 27.94 270) (size 5.08 1.524) (drill (offset 2.5 0)) (layers B.Cu B.Paste B.Mask)
      (net 2 "Net-(J0-Pad2)"))
    (pad 3 smd rect (at 0 25.4 270) (size 5.08 1.524) (drill (offset 2.5 0)) (layers B.Cu B.Paste B.Mask)
      (net 3 "Net-(J0-Pad3)"))
    (pad 4 smd rect (at 0 22.86 270) (size 5.08 1.524) (drill (offset 2.5 0)) (layers B.Cu B.Paste B.Mask)
      (net 4 "Net-(J0-Pad4)"))
    (pad 5 smd rect (at 0 20.32 270) (size 5.08 1.524) (drill (offset 2.5 0)) (layers B.Cu B.Paste B.Mask)
      (net 5 "Net-(J0-Pad5)"))
    (pad 6 smd rect (at 0 17.78 270) (size 5.08 1.524) (drill (offset 2.5 0)) (layers B.Cu B.Paste B.Mask)
      (net 6 "Net-(J0-Pad6)"))
    (pad 7 smd rect (at 0 15.24 270) (size 5.08 1.524) (drill (offset 2.5 0)) (layers B.Cu B.Paste B.Mask)
      (net 7 "Net-(J0-Pad7)"))
    (pad 8 smd rect (at 0 12.7 270) (size 5.08 1.524) (drill (offset 2.5 0)) (layers B.Cu B.Paste B.Mask)
      (net 8 "Net-(J0-Pad8)"))
    (pad 9 smd rect (at 0 10.16 270) (size 5.08 1.524) (drill (offset 2.5 0)) (layers B.Cu B.Paste B.Mask)
      (net 9 "Net-(J0-Pad9)"))
    (pad 10 smd rect (at 0 7.62 270) (size 5.08 1.524) (drill (offset 2.5 0)) (layers B.Cu B.Paste B.Mask)
      (net 10 "Net-(J0-Pad10)"))
    (pad 11 smd rect (at 0 5.08 270) (size 5.08 1.524) (drill (offset 2.5 0)) (layers B.Cu B.Paste B.Mask)
      (net 11 "Net-(J0-Pad11)"))
    (pad 12 smd rect (at 0 2.54 270) (size 5.08 1.524) (drill (offset 2.5 0)) (layers B.Cu B.Paste B.Mask)
      (net 12 "Net-(J0-Pad12)"))
  )

  (module "enviro-frontpanel:Touch pad -single 10x10" (layer F.Cu) (tedit 5E923D1C) (tstamp 5E961DCF)
    (at 172.72 86.36)
    (path /5E961B8E)
    (fp_text reference J1 (at 0 0.5) (layer F.SilkS)
      (effects (font (size 1 1) (thickness 0.15)))
    )
    (fp_text value Conn_01x01 (at 0 -0.5) (layer F.Fab)
      (effects (font (size 1 1) (thickness 0.15)))
    )
    (fp_line (start 5.08 -12.7) (end -5.08 -12.7) (layer F.SilkS) (width 0.12))
    (fp_line (start -5.08 -12.7) (end -5.08 -2.54) (layer F.SilkS) (width 0.12))
    (fp_line (start -5.08 -2.54) (end 5.08 -2.54) (layer F.SilkS) (width 0.12))
    (fp_line (start 5.08 -2.54) (end 5.08 -12.7) (layer F.SilkS) (width 0.12))
    (pad 1 smd rect (at 0 -7.62) (size 10.16 10.16) (layers F.Cu F.Paste F.Mask)
      (net 1 "Net-(J0-Pad1)"))
  )

  (module "enviro-frontpanel:Touch pad -single 10x10" (layer F.Cu) (tedit 5E923D1C) (tstamp 5E961DD8)
    (at 187.96 86.36)
    (path /5E962791)
    (fp_text reference J2 (at 0 0.5) (layer F.SilkS)
      (effects (font (size 1 1) (thickness 0.15)))
    )
    (fp_text value Conn_01x01 (at 0 -0.5) (layer F.Fab)
      (effects (font (size 1 1) (thickness 0.15)))
    )
    (fp_line (start 5.08 -2.54) (end 5.08 -12.7) (layer F.SilkS) (width 0.12))
    (fp_line (start -5.08 -2.54) (end 5.08 -2.54) (layer F.SilkS) (width 0.12))
    (fp_line (start -5.08 -12.7) (end -5.08 -2.54) (layer F.SilkS) (width 0.12))
    (fp_line (start 5.08 -12.7) (end -5.08 -12.7) (layer F.SilkS) (width 0.12))
    (pad 1 smd rect (at 0 -7.62) (size 10.16 10.16) (layers F.Cu F.Paste F.Mask)
      (net 2 "Net-(J0-Pad2)"))
  )

  (module "enviro-frontpanel:Touch pad -single 10x10" (layer F.Cu) (tedit 5E923D1C) (tstamp 5E961DE1)
    (at 203.2 86.36)
    (path /5E9694DD)
    (fp_text reference J3 (at 0 0.5) (layer F.SilkS)
      (effects (font (size 1 1) (thickness 0.15)))
    )
    (fp_text value Conn_01x01 (at 0 -0.5) (layer F.Fab)
      (effects (font (size 1 1) (thickness 0.15)))
    )
    (fp_line (start 5.08 -2.54) (end 5.08 -12.7) (layer F.SilkS) (width 0.12))
    (fp_line (start -5.08 -2.54) (end 5.08 -2.54) (layer F.SilkS) (width 0.12))
    (fp_line (start -5.08 -12.7) (end -5.08 -2.54) (layer F.SilkS) (width 0.12))
    (fp_line (start 5.08 -12.7) (end -5.08 -12.7) (layer F.SilkS) (width 0.12))
    (pad 1 smd rect (at 0 -7.62) (size 10.16 10.16) (layers F.Cu F.Paste F.Mask)
      (net 3 "Net-(J0-Pad3)"))
  )

  (module "enviro-frontpanel:Touch pad -single 10x10" (layer F.Cu) (tedit 5E923D1C) (tstamp 5E961DEA)
    (at 218.44 86.36)
    (path /5E9694E3)
    (fp_text reference J4 (at 0 0.5) (layer F.SilkS)
      (effects (font (size 1 1) (thickness 0.15)))
    )
    (fp_text value Conn_01x01 (at 0 -0.5) (layer F.Fab)
      (effects (font (size 1 1) (thickness 0.15)))
    )
    (fp_line (start 5.08 -12.7) (end -5.08 -12.7) (layer F.SilkS) (width 0.12))
    (fp_line (start -5.08 -12.7) (end -5.08 -2.54) (layer F.SilkS) (width 0.12))
    (fp_line (start -5.08 -2.54) (end 5.08 -2.54) (layer F.SilkS) (width 0.12))
    (fp_line (start 5.08 -2.54) (end 5.08 -12.7) (layer F.SilkS) (width 0.12))
    (pad 1 smd rect (at 0 -7.62) (size 10.16 10.16) (layers F.Cu F.Paste F.Mask)
      (net 4 "Net-(J0-Pad4)"))
  )

  (module "enviro-frontpanel:Touch pad -single 10x10" (layer F.Cu) (tedit 5E923D1C) (tstamp 5E961DF3)
    (at 172.72 106.68)
    (path /5E9729EF)
    (fp_text reference J5 (at 0 0.5) (layer F.SilkS)
      (effects (font (size 1 1) (thickness 0.15)))
    )
    (fp_text value Conn_01x01 (at 0 -0.5) (layer F.Fab)
      (effects (font (size 1 1) (thickness 0.15)))
    )
    (fp_line (start 5.08 -12.7) (end -5.08 -12.7) (layer F.SilkS) (width 0.12))
    (fp_line (start -5.08 -12.7) (end -5.08 -2.54) (layer F.SilkS) (width 0.12))
    (fp_line (start -5.08 -2.54) (end 5.08 -2.54) (layer F.SilkS) (width 0.12))
    (fp_line (start 5.08 -2.54) (end 5.08 -12.7) (layer F.SilkS) (width 0.12))
    (pad 1 smd rect (at 0 -7.62) (size 10.16 10.16) (layers F.Cu F.Paste F.Mask)
      (net 5 "Net-(J0-Pad5)"))
  )

  (module "enviro-frontpanel:Touch pad -single 10x10" (layer F.Cu) (tedit 5E923D1C) (tstamp 5E961DFC)
    (at 187.96 106.68)
    (path /5E9729F5)
    (fp_text reference J6 (at 0 0.5) (layer F.SilkS)
      (effects (font (size 1 1) (thickness 0.15)))
    )
    (fp_text value Conn_01x01 (at 0 -0.5) (layer F.Fab)
      (effects (font (size 1 1) (thickness 0.15)))
    )
    (fp_line (start 5.08 -2.54) (end 5.08 -12.7) (layer F.SilkS) (width 0.12))
    (fp_line (start -5.08 -2.54) (end 5.08 -2.54) (layer F.SilkS) (width 0.12))
    (fp_line (start -5.08 -12.7) (end -5.08 -2.54) (layer F.SilkS) (width 0.12))
    (fp_line (start 5.08 -12.7) (end -5.08 -12.7) (layer F.SilkS) (width 0.12))
    (pad 1 smd rect (at 0 -7.62) (size 10.16 10.16) (layers F.Cu F.Paste F.Mask)
      (net 6 "Net-(J0-Pad6)"))
  )

  (module "enviro-frontpanel:Touch pad -single 10x10" (layer F.Cu) (tedit 5E923D1C) (tstamp 5E961E05)
    (at 203.2 106.68)
    (path /5E972A01)
    (fp_text reference J7 (at 0 0.5) (layer F.SilkS)
      (effects (font (size 1 1) (thickness 0.15)))
    )
    (fp_text value Conn_01x01 (at 0 -0.5) (layer F.Fab)
      (effects (font (size 1 1) (thickness 0.15)))
    )
    (fp_line (start 5.08 -2.54) (end 5.08 -12.7) (layer F.SilkS) (width 0.12))
    (fp_line (start -5.08 -2.54) (end 5.08 -2.54) (layer F.SilkS) (width 0.12))
    (fp_line (start -5.08 -12.7) (end -5.08 -2.54) (layer F.SilkS) (width 0.12))
    (fp_line (start 5.08 -12.7) (end -5.08 -12.7) (layer F.SilkS) (width 0.12))
    (pad 1 smd rect (at 0 -7.62) (size 10.16 10.16) (layers F.Cu F.Paste F.Mask)
      (net 7 "Net-(J0-Pad7)"))
  )

  (module "enviro-frontpanel:Touch pad -single 10x10" (layer F.Cu) (tedit 5E923D1C) (tstamp 5E961E0E)
    (at 218.44 106.68)
    (path /5E9729FB)
    (fp_text reference J8 (at 0 0.5) (layer F.SilkS)
      (effects (font (size 1 1) (thickness 0.15)))
    )
    (fp_text value Conn_01x01 (at 0 -0.5) (layer F.Fab)
      (effects (font (size 1 1) (thickness 0.15)))
    )
    (fp_line (start 5.08 -12.7) (end -5.08 -12.7) (layer F.SilkS) (width 0.12))
    (fp_line (start -5.08 -12.7) (end -5.08 -2.54) (layer F.SilkS) (width 0.12))
    (fp_line (start -5.08 -2.54) (end 5.08 -2.54) (layer F.SilkS) (width 0.12))
    (fp_line (start 5.08 -2.54) (end 5.08 -12.7) (layer F.SilkS) (width 0.12))
    (pad 1 smd rect (at 0 -7.62) (size 10.16 10.16) (layers F.Cu F.Paste F.Mask)
      (net 8 "Net-(J0-Pad8)"))
  )

  (module "enviro-frontpanel:Touch pad -single 10x10" (layer F.Cu) (tedit 5E923D1C) (tstamp 5E961E20)
    (at 151.765 86.36)
    (path /5E973A13)
    (fp_text reference J10 (at 0 0.5) (layer F.SilkS)
      (effects (font (size 1 1) (thickness 0.15)))
    )
    (fp_text value Conn_01x01 (at 0 -0.5) (layer F.Fab)
      (effects (font (size 1 1) (thickness 0.15)))
    )
    (fp_line (start 5.08 -2.54) (end 5.08 -12.7) (layer F.SilkS) (width 0.12))
    (fp_line (start -5.08 -2.54) (end 5.08 -2.54) (layer F.SilkS) (width 0.12))
    (fp_line (start -5.08 -12.7) (end -5.08 -2.54) (layer F.SilkS) (width 0.12))
    (fp_line (start 5.08 -12.7) (end -5.08 -12.7) (layer F.SilkS) (width 0.12))
    (pad 1 smd rect (at 0 -7.62) (size 10.16 10.16) (layers F.Cu F.Paste F.Mask)
      (net 10 "Net-(J0-Pad10)"))
  )

  (module "enviro-frontpanel:Touch pad -single 10x10" (layer F.Cu) (tedit 5E923D1C) (tstamp 5E961E29)
    (at 152.4 106.68)
    (path /5E973A1F)
    (fp_text reference J11 (at 0 0.5) (layer F.SilkS)
      (effects (font (size 1 1) (thickness 0.15)))
    )
    (fp_text value Conn_01x01 (at 0 -0.5) (layer F.Fab)
      (effects (font (size 1 1) (thickness 0.15)))
    )
    (fp_line (start 5.08 -12.7) (end -5.08 -12.7) (layer F.SilkS) (width 0.12))
    (fp_line (start -5.08 -12.7) (end -5.08 -2.54) (layer F.SilkS) (width 0.12))
    (fp_line (start -5.08 -2.54) (end 5.08 -2.54) (layer F.SilkS) (width 0.12))
    (fp_line (start 5.08 -2.54) (end 5.08 -12.7) (layer F.SilkS) (width 0.12))
    (pad 1 smd rect (at 0 -7.62) (size 10.16 10.16) (layers F.Cu F.Paste F.Mask)
      (net 11 "Net-(J0-Pad11)"))
  )

  (gr_text "TheHWcave v1.0" (at 117.475 71.755) (layer B.SilkS)
    (effects (font (size 2 2) (thickness 0.15)) (justify mirror))
  )
  (gr_text JLCJLCJLCJLC (at 107.95 125.095) (layer F.SilkS)
    (effects (font (size 1 1) (thickness 0.15)))
  )
  (gr_line (start 224.79 131.31) (end 230.79 125.31) (layer Edge.Cuts) (width 0.2))
  (gr_line (start 111.79 85.31) (end 140.29 85.31) (layer Edge.Cuts) (width 0.2))
  (gr_circle (center 172.29 90.81) (end 174.29 90.81) (layer Edge.Cuts) (width 0.2))
  (gr_line (start 126.79 83.31) (end 119.79 83.31) (layer Edge.Cuts) (width 0.2))
  (gr_line (start 119.79 83.31) (end 119.79 80.31) (layer Edge.Cuts) (width 0.2))
  (gr_line (start 98.79 131.31) (end 224.79 131.31) (layer Edge.Cuts) (width 0.2))
  (gr_circle (center 126.04 119.31) (end 130.04 119.31) (layer Edge.Cuts) (width 0.2))
  (gr_line (start 119.79 80.31) (end 126.79 80.31) (layer Edge.Cuts) (width 0.2))
  (gr_line (start 230.79 125.31) (end 233.79 99.31) (layer Edge.Cuts) (width 0.2))
  (gr_line (start 230.79 73.31) (end 224.79 67.31) (layer Edge.Cuts) (width 0.2))
  (gr_line (start 233.79 99.31) (end 230.79 73.31) (layer Edge.Cuts) (width 0.2))
  (gr_line (start 98.79 67.31) (end 92.79 73.31) (layer Edge.Cuts) (width 0.2))
  (gr_line (start 111.79 101.31) (end 111.79 85.31) (layer Edge.Cuts) (width 0.2))
  (gr_line (start 92.79 73.31) (end 89.79 99.31) (layer Edge.Cuts) (width 0.2))
  (gr_circle (center 163.04 90.81) (end 165.54 90.81) (layer Edge.Cuts) (width 0.2))
  (gr_circle (center 137.79 80.31) (end 139.29 80.31) (layer Edge.Cuts) (width 0.2))
  (gr_line (start 140.29 85.31) (end 140.29 101.31) (layer Edge.Cuts) (width 0.2))
  (gr_line (start 92.79 125.31) (end 98.79 131.31) (layer Edge.Cuts) (width 0.2))
  (gr_line (start 89.79 99.31) (end 92.79 125.31) (layer Edge.Cuts) (width 0.2))
  (gr_line (start 126.79 80.31) (end 126.79 83.31) (layer Edge.Cuts) (width 0.2))
  (gr_line (start 140.29 101.31) (end 111.79 101.31) (layer Edge.Cuts) (width 0.2))
  (gr_line (start 224.79 67.31) (end 98.79 67.31) (layer Edge.Cuts) (width 0.2))

  (segment (start 227.965 124.46) (end 223.52 128.905) (width 0.25) (layer B.Cu) (net 12))
  (via (at 195.58 107.315) (size 0.8) (drill 0.4) (layers F.Cu B.Cu) (net 7))
  (via (at 195.58 107.315) (size 0.8) (drill 0.4) (layers F.Cu B.Cu) (net 7))
  (via (at 193.04 107.315) (size 0.8) (drill 0.4) (layers F.Cu B.Cu) (net 6))
  (segment (start 180.34 106.68) (end 180.34 106.045) (width 0.25) (layer B.Cu) (net 1))
  (segment (start 180.34 106.045) (end 179.705 105.41) (width 0.25) (layer B.Cu) (net 1))
  (segment (start 179.705 105.41) (end 179.07 104.775) (width 0.25) (layer B.Cu) (net 1))
  (segment (start 179.07 104.775) (end 179.07 86.36) (width 0.25) (layer B.Cu) (net 1))
  (segment (start 179.07 86.36) (end 179.07 85.09) (width 0.25) (layer B.Cu) (net 1))
  (segment (start 179.07 85.09) (end 172.72 78.74) (width 0.25) (layer B.Cu) (net 1))
  (segment (start 172.72 78.74) (end 172.72 78.74) (width 0.25) (layer B.Cu) (net 1) (tstamp 5E962CF3))
  (via (at 172.72 78.74) (size 0.8) (drill 0.4) (layers F.Cu B.Cu) (net 1))
  (segment (start 182.88 106.68) (end 182.88 106.045) (width 0.25) (layer B.Cu) (net 2))
  (segment (start 182.88 106.045) (end 181.61 106.045) (width 0.25) (layer B.Cu) (net 2))
  (segment (start 181.60859 106.045) (end 180.34 104.77641) (width 0.25) (layer B.Cu) (net 2))
  (segment (start 181.61 106.045) (end 181.60859 106.045) (width 0.25) (layer B.Cu) (net 2))
  (segment (start 180.34 104.77641) (end 180.34 86.36) (width 0.25) (layer B.Cu) (net 2))
  (segment (start 180.34 86.36) (end 187.96 78.74) (width 0.25) (layer B.Cu) (net 2))
  (segment (start 187.96 78.74) (end 187.96 78.74) (width 0.25) (layer B.Cu) (net 2) (tstamp 5E962CF1))
  (via (at 187.96 78.74) (size 0.8) (drill 0.4) (layers F.Cu B.Cu) (net 2))
  (segment (start 185.42 106.68) (end 185.42 105.41) (width 0.25) (layer B.Cu) (net 3))
  (segment (start 185.42 105.41) (end 182.245 105.41) (width 0.25) (layer B.Cu) (net 3))
  (segment (start 181.61 90.805) (end 181.61 104.775) (width 0.25) (layer B.Cu) (net 3))
  (segment (start 191.77 90.805) (end 181.61 90.805) (width 0.25) (layer B.Cu) (net 3))
  (segment (start 197.485 85.09) (end 191.77 90.805) (width 0.25) (layer B.Cu) (net 3))
  (segment (start 181.61 104.775) (end 182.245 105.41) (width 0.25) (layer B.Cu) (net 3))
  (segment (start 203.2 85.09) (end 197.485 85.09) (width 0.25) (layer B.Cu) (net 3))
  (segment (start 203.2 78.74) (end 203.2 78.74) (width 0.25) (layer B.Cu) (net 3))
  (segment (start 203.2 78.74) (end 203.2 85.09) (width 0.25) (layer B.Cu) (net 3) (tstamp 5E962CEF))
  (via (at 203.2 78.74) (size 0.8) (drill 0.4) (layers F.Cu B.Cu) (net 3))
  (segment (start 187.96 106.68) (end 187.96 105.41) (width 0.25) (layer B.Cu) (net 4))
  (segment (start 187.96 105.41) (end 193.675 105.41) (width 0.25) (layer B.Cu) (net 4))
  (segment (start 193.675 105.41) (end 194.31 104.775) (width 0.25) (layer B.Cu) (net 4))
  (segment (start 194.31 104.775) (end 194.31 92.71) (width 0.25) (layer B.Cu) (net 4))
  (segment (start 196.21641 92.71) (end 201.29641 87.63) (width 0.25) (layer B.Cu) (net 4))
  (segment (start 194.31 92.71) (end 196.21641 92.71) (width 0.25) (layer B.Cu) (net 4))
  (segment (start 201.29641 87.63) (end 218.44 87.63) (width 0.25) (layer B.Cu) (net 4))
  (segment (start 218.44 87.63) (end 218.44 78.74) (width 0.25) (layer B.Cu) (net 4))
  (segment (start 218.44 78.74) (end 218.44 78.74) (width 0.25) (layer B.Cu) (net 4) (tstamp 5E962CED))
  (via (at 218.44 78.74) (size 0.8) (drill 0.4) (layers F.Cu B.Cu) (net 4))
  (segment (start 190.5 106.68) (end 190.5 113.03) (width 0.25) (layer B.Cu) (net 5))
  (segment (start 190.5 113.03) (end 172.72 113.03) (width 0.25) (layer B.Cu) (net 5))
  (segment (start 172.72 113.03) (end 172.72 99.06) (width 0.25) (layer B.Cu) (net 5))
  (segment (start 172.72 99.06) (end 172.72 99.06) (width 0.25) (layer B.Cu) (net 5) (tstamp 5E962CE3))
  (via (at 172.72 99.06) (size 0.8) (drill 0.4) (layers F.Cu B.Cu) (net 5))
  (segment (start 193.04 107.315) (end 193.04 106.68) (width 0.25) (layer F.Cu) (net 6))
  (segment (start 193.04 106.68) (end 192.405 106.045) (width 0.25) (layer F.Cu) (net 6))
  (segment (start 187.96 104.39) (end 187.96 99.06) (width 0.25) (layer F.Cu) (net 6))
  (segment (start 189.615 106.045) (end 187.96 104.39) (width 0.25) (layer F.Cu) (net 6))
  (segment (start 192.405 106.045) (end 189.615 106.045) (width 0.25) (layer F.Cu) (net 6))
  (segment (start 197.87 99.06) (end 203.2 99.06) (width 0.25) (layer F.Cu) (net 7))
  (segment (start 195.58 101.35) (end 197.87 99.06) (width 0.25) (layer F.Cu) (net 7))
  (segment (start 195.58 107.315) (end 195.58 101.35) (width 0.25) (layer F.Cu) (net 7))
  (segment (start 198.12 106.68) (end 198.12 105.41) (width 0.25) (layer B.Cu) (net 8))
  (segment (start 198.12 105.41) (end 197.485 105.41) (width 0.25) (layer B.Cu) (net 8))
  (segment (start 197.485 105.41) (end 196.85 104.775) (width 0.25) (layer B.Cu) (net 8))
  (segment (start 196.85 104.775) (end 196.85 93.98) (width 0.25) (layer B.Cu) (net 8))
  (segment (start 196.85 93.98) (end 200.66 90.17) (width 0.25) (layer B.Cu) (net 8))
  (segment (start 200.66 90.17) (end 218.44 90.17) (width 0.25) (layer B.Cu) (net 8))
  (segment (start 218.44 90.17) (end 218.44 99.06) (width 0.25) (layer B.Cu) (net 8))
  (segment (start 218.44 99.06) (end 218.44 99.06) (width 0.25) (layer B.Cu) (net 8) (tstamp 5E962CEB))
  (via (at 218.44 99.06) (size 0.8) (drill 0.4) (layers F.Cu B.Cu) (net 8))
  (segment (start 200.66 106.68) (end 200.66 114.3) (width 0.25) (layer B.Cu) (net 9))
  (segment (start 200.66 114.3) (end 195.58 119.38) (width 0.25) (layer B.Cu) (net 9))
  (segment (start 195.58 119.38) (end 195.58 119.38) (width 0.25) (layer B.Cu) (net 9) (tstamp 5E962CE9))
  (via (at 195.58 119.38) (size 0.8) (drill 0.4) (layers F.Cu B.Cu) (net 9))
  (segment (start 151.765 78.74) (end 151.765 78.74) (width 0.25) (layer B.Cu) (net 10) (tstamp 5E962CFA))
  (via (at 151.765 78.74) (size 0.8) (drill 0.4) (layers F.Cu B.Cu) (net 10))
  (segment (start 160.02 70.485) (end 151.765 78.74) (width 0.25) (layer B.Cu) (net 10))
  (segment (start 224.79 70.485) (end 160.02 70.485) (width 0.25) (layer B.Cu) (net 10))
  (segment (start 228.6 74.295) (end 224.79 70.485) (width 0.25) (layer B.Cu) (net 10))
  (segment (start 203.2 105.41) (end 211.455 105.41) (width 0.25) (layer B.Cu) (net 10))
  (segment (start 203.2 106.68) (end 203.2 105.41) (width 0.25) (layer B.Cu) (net 10))
  (segment (start 211.455 105.41) (end 213.36 107.315) (width 0.25) (layer B.Cu) (net 10))
  (segment (start 224.79 107.315) (end 228.6 103.505) (width 0.25) (layer B.Cu) (net 10))
  (segment (start 213.36 107.315) (end 224.79 107.315) (width 0.25) (layer B.Cu) (net 10))
  (segment (start 228.6 103.505) (end 228.6 74.295) (width 0.25) (layer B.Cu) (net 10))
  (segment (start 152.4 99.06) (end 152.4 99.06) (width 0.25) (layer B.Cu) (net 11) (tstamp 5E962CE5))
  (via (at 152.4 99.06) (size 0.8) (drill 0.4) (layers F.Cu B.Cu) (net 11))
  (segment (start 161.29 107.95) (end 152.4 99.06) (width 0.25) (layer B.Cu) (net 11))
  (segment (start 161.29 123.825) (end 161.29 107.95) (width 0.25) (layer B.Cu) (net 11))
  (segment (start 223.52 127) (end 164.465 127) (width 0.25) (layer B.Cu) (net 11))
  (segment (start 226.06 124.46) (end 223.52 127) (width 0.25) (layer B.Cu) (net 11))
  (segment (start 164.465 127) (end 161.29 123.825) (width 0.25) (layer B.Cu) (net 11))
  (segment (start 205.74 113.03) (end 211.455 113.03) (width 0.25) (layer B.Cu) (net 11))
  (segment (start 205.74 106.68) (end 205.74 113.03) (width 0.25) (layer B.Cu) (net 11))
  (segment (start 211.455 113.03) (end 213.36 111.125) (width 0.25) (layer B.Cu) (net 11))
  (segment (start 226.06 112.395) (end 226.06 124.46) (width 0.25) (layer B.Cu) (net 11))
  (segment (start 213.36 111.125) (end 224.79 111.125) (width 0.25) (layer B.Cu) (net 11))
  (segment (start 224.79 111.125) (end 226.06 112.395) (width 0.25) (layer B.Cu) (net 11))
  (segment (start 208.28 106.68) (end 208.28 107.95) (width 0.25) (layer B.Cu) (net 12))
  (segment (start 208.28 107.95) (end 209.55 109.22) (width 0.25) (layer B.Cu) (net 12))
  (segment (start 161.925 128.905) (end 152.4 119.38) (width 0.25) (layer B.Cu) (net 12))
  (segment (start 223.52 128.905) (end 161.925 128.905) (width 0.25) (layer B.Cu) (net 12))
  (segment (start 152.4 119.38) (end 152.4 119.38) (width 0.25) (layer B.Cu) (net 12) (tstamp 5E962CE7))
  (via (at 152.4 119.38) (size 0.8) (drill 0.4) (layers F.Cu B.Cu) (net 12))
  (segment (start 226.06 109.22) (end 227.965 111.125) (width 0.25) (layer B.Cu) (net 12))
  (segment (start 227.965 111.125) (end 227.965 124.46) (width 0.25) (layer B.Cu) (net 12))
  (segment (start 209.55 109.22) (end 226.06 109.22) (width 0.25) (layer B.Cu) (net 12))

)
